image: /home/prac2016/ros/src/assignment3/map/mymap.pgm
resolution: 0.050000
origin: [-13.800000, -26.600000, 0.000000]
negate: 0
occupied_thresh: 0.65
free_thresh: 0.196

